0
0
0
256
256
256
512
512
512
768
768
768
1024
1024
1024
1280
1280
1280
1536
1536
1536
1792
1792
1792
2048
2048
2048
2304
2304
2304
2560
2560
2560
2816
2816
2816
3072
3072
3072
3328
3328
3328
3584
3584
3584
3840
3840
3840
4096
4096
4096
4352
4352
4352
4608
4608
4608
4864
4864
4864
5120
5120
5120
5376
5376
5376
5632
5632
5632
5888
5888
5888
6144
6144
6144
6400
6400
6400
6656
6656
6656
6912
6912
6912
7168
7168
7168
7424
7424
7424
7680
7680
7680
7936
7936
7936
8192
8192
8192
8448
8448
8448
8704
8704
8704
8960
8960
8960
9216
9216
9216
9472
9472
9472
9728
9728
9728
9984
9984
9984
10240
10240
10240
10496
10496
10496
10752
10752
10752
11008
11008
11008
11264
11264
11264
11520
11520
11520
11776
11776
11776
12032
12032
12032
12288
12288
12288
12544
12544
12544
12800
12800
12800
13056
13056
13056
13312
13312
13312
13568
13568
13568
13824
13824
13824
14080
14080
14080
14336
14336
14336
14592
14592
14592
14848
14848
14848
15104
15104
15104
15360
15360
15360
15616
15616
15616
15872
15872
15872
16128
16128
16128
16384
16384
16384
16640
16640
16640
16896
16896
16896
17152
17152
17152
17408
17408
17408
17664
17664
17664
17920
17920
17920
18176
18176
18176
18432
18432
18432
18688
18688
18688
18944
18944
18944
19200
19200
19200
19456
19456
19456
19712
19712
19712
19968
19968
19968
20224
20224
20224
20480
20480
20480
20736
20736
20736
20992
20992
20992
21248
21248
21248
21504
21504
21504
21760
21760
21760
22016
22016
22016
22272
22272
22272
22528
22528
22528
22784
22784
22784
23040
23040
23040
23296
23296
23296
23552
23552
23552
23808
23808
23808
24064
24064
24064
24320
24320
24320
24576
24576
24576
24832
24832
24832
25088
25088
25088
25344
25344
25344
25600
25600
25600
25856
25856
25856
26112
26112
26112
26368
26368
26368
26624
26624
26624
26880
26880
26880
27136
27136
27136
27392
27392
27392
27648
27648
27648
27904
27904
27904
28160
28160
28160
28416
28416
28416
28672
28672
28672
28928
28928
28928
29184
29184
29184
29440
29440
29440
29696
29696
29696
29952
29952
29952
30208
30208
30208
30464
30464
30464
30720
30720
30720
30976
30976
30976
31232
31232
31232
31488
31488
31488
31744
31744
31744
32000
32000
32000
32256
32256
32256
32512
32512
32512
-32768
-32768
-32768
-32512
-32512
-32512
-32256
-32256
-32256
-32000
-32000
-32000
-31744
-31744
-31744
-31488
-31488
-31488
-31232
-31232
-31232
-30976
-30976
-30976
-30720
-30720
-30720
-30464
-30464
-30464
-30208
-30208
-30208
-29952
-29952
-29952
-29696
-29696
-29696
-29440
-29440
-29440
-29184
-29184
-29184
-28928
-28928
-28928
-28672
-28672
-28672
-28416
-28416
-28416
-28160
-28160
-28160
-27904
-27904
-27904
-27648
-27648
-27648
-27392
-27392
-27392
-27136
-27136
-27136
-26880
-26880
-26880
-26624
-26624
-26624
-26368
-26368
-26368
-26112
-26112
-26112
-25856
-25856
-25856
-25600
-25600
-25600
-25344
-25344
-25344
-25088
-25088
-25088
-24832
-24832
-24832
-24576
-24576
-24576
-24320
-24320
-24320
-24064
-24064
-24064
-23808
-23808
-23808
-23552
-23552
-23552
-23296
-23296
-23296
-23040
-23040
-23040
-22784
-22784
-22784
-22528
-22528
-22528
-22272
-22272
-22272
-22016
-22016
-22016
-21760
-21760
-21760
-21504
-21504
-21504
-21248
-21248
-21248
-20992
-20992
-20992
-20736
-20736
-20736
-20480
-20480
-20480
-20224
-20224
-20224
-19968
-19968
-19968
-19712
-19712
-19712
-19456
-19456
-19456
-19200
-19200
-19200
-18944
-18944
-18944
-18688
-18688
-18688
-18432
-18432
-18432
-18176
-18176
-18176
-17920
-17920
-17920
-17664
-17664
-17664
-17408
-17408
-17408
-17152
-17152
-17152
-16896
-16896
-16896
-16640
-16640
-16640
-16384
-16384
-16384
-16128
-16128
-16128
-15872
-15872
-15872
-15616
-15616
-15616
-15360
-15360
-15360
-15104
-15104
-15104
-14848
-14848
-14848
-14592
-14592
-14592
-14336
-14336
-14336
-14080
-14080
-14080
-13824
-13824
-13824
-13568
-13568
-13568
-13312
-13312
-13312
-13056
-13056
-13056
-12800
-12800
-12800
-12544
-12544
-12544
-12288
-12288
-12288
-12032
-12032
-12032
-11776
-11776
-11776
-11520
-11520
-11520
-11264
-11264
-11264
-11008
-11008
-11008
-10752
-10752
-10752
-10496
-10496
-10496
-10240
-10240
-10240
-9984
-9984
-9984
-9728
-9728
-9728
-9472
-9472
-9472
-9216
-9216
-9216
-8960
-8960
-8960
-8704
-8704
-8704
-8448
-8448
-8448
-8192
-8192
-8192
-7936
-7936
-7936
-7680
-7680
-7680
-7424
-7424
-7424
-7168
-7168
-7168
-6912
-6912
-6912
-6656
-6656
-6656
-6400
-6400
-6400
-6144
-6144
-6144
-5888
-5888
-5888
-5632
-5632
-5632
-5376
-5376
-5376
-5120
-5120
-5120
-4864
-4864
-4864
-4608
-4608
-4608
-4352
-4352
-4352
-4096
-4096
-4096
-3840
-3840
-3840
-3584
-3584
-3584
-3328
-3328
-3328
-3072
-3072
-3072
-2816
-2816
-2816
-2560
-2560
-2560
-2304
-2304
-2304
-2048
-2048
-2048
-1792
-1792
-1792
-1536
-1536
-1536
-1280
-1280
-1280
-1024
-1024
-1024
-768
-768
-768
-512
-512
-512
-256
-256
-256
